77
0 0
0 0
0 0
0 0
0 0
0 0
0 0
0 0
0 0
0 0
0 0
0 0
0 0
0 0
0 0
0 0
0 0
0 0
0 0
0 0
0 0
0 0
0 0
0 0
0 0
0 0
0 0
0 0
0 0
0 0
0 0
0 0
0 0
0 0
0 0
0 0
0 0
0 0
0 0
0 0
0 0
0 0
0 0
0 0
0 0
0 0
0 0
0 0
0 0
0 0
0 0
0 0
0 0
0 0
0 0
0 0
0 0
0 0
0 0
0 0
0 0
0 0
0 0
0 0
0 0
0 0
0 0
0 0
0 0
0 0
0 0
0 0
0 0
0 0
0 0
0 0
0 0
0 0
0 0
0 0
0 0
0 0
0 0
0 0
0 0
0 0
0 0
0 0
0 0
0 0
0 0
0 0
0 0
0 0
0 0
0 0
0 0
0 0
0 0
0 0
0 0
0 0
0 0
0 0
0 0
0 0
0 0
0 0
0 0
0 0
0 0
0 0
0 0
0 0
0 0
0 0
0 0
0 0
0 0
0 0
0 0
0 0
0 0
0 0
0 0
0 0
0 0
0 0
0 0
0 0
0 0
0 0
0 0
0 0
0 0
0 0
0 0
0 0
0 0
0 0
0 0
0 0
0 0
0 0
0 0
0 0
0 0
0 0
0 0
0 0
0 0
0 0
0 0
0 0
0 0
0 0
0 0
0 0
0 0
0 0
0 0
0 0
0 0
0 0
0 0
0 0
0 0
0 0
0 0
0 0
0 0
0 0
0 0
0 0
0 0
0 0
0 0
0 0
0 0
0 0
0 0
0 0
0 0
0 0
0 0
0 0
0 0
0 0
0 0
0 0
0 0
0 0
0 0
0 0
0 0
0 0
0 0
0 0
0 0
0 0
0 0
0 0
0 0
0 0
0 0
0 0
0 0
0 0
0 0
0 0
0 0
0 0
0 0
0 0
0 0
0 0
0 0
0 0
0 0
0 0
0 0
0 0
0 0
0 0
0 0
0 0
0 0
0 0
0 0
0 0
0 0
0 0
0 0
0 0
0 0
0 0
0 0
0 0
0 0
0 0
0 0
0 0
0 0
0 0
0 0
0 0
0 0
0 0
0 0
0 0
0 0
0 0
0 0
0 0
0 0
0 0
0 0
0 0
0 0
0 0
0 0
0 0
0 0
0 0
0 0
0 0
0 0
0 0
0 0
0 0
0 0
0 0
0 0
0 0
0 0
0 0
0 0
0 0
0 0
0 0
0 0
0 0
0 0
0 0
0 0
0 0
0 0
0 0
0 0
0 0
0 0
0 0
0 0
0 0
0 0
0 0
0 0
0 0
0 0
0 0
0 0
0 0
0 0
0 0
0 0
0 0
0 0
0 0
0 0
0 0
0 0
0 0
0 0
0 0
0 0
0 0
0 0
0 0
0 0
0 0
0 0
0 0
0 0
0 0
0 0
0 0
0 0
0 0
0 0
0 0
0 0
0 0
0 0
0 0
0 0
0 0
0 0
0 0
0 0
0 0
0 0
0 0
0 0
0 0
0 0
0 0
0 0
0 0
0 0
0 0
0 0
0 0
0 0
0 0
0 0
0 0
0 0
0 0
0 0
0 0
0 0
0 0
0 0
0 0
0 0
0 0
0 0
0 0
0 0
0 0
0 0
0 0
0 0
0 0
0 0
0 0
0 0
0 0
0 0
0 0
0 0
0 0
0 0
0 0
0 0
0 0
0 0
0 0
0 0
0 0
0 0
0 0
0 0
0 0
0 0
0 0
0 0
0 0
0 0
0 0
0 0
0 0
0 0
0 0
0 0
0 0
0 0
0 0
0 0
0 0
0 0
0 0
0 0
0 0
0 0
0 0
0 0
0 0
0 0
0 0
0 0
0 0
0 0
0 0
0 0
0 0
0 0
0 0
0 0
0 0
0 0
0 0
0 0
0 0
0 0
0 0
0 0
0 0
0 0
0 0
0 0
0 0
0 0
0 0
0 0
0 0
0 0
0 0
0 0
0 0
0 0
0 0
0 0
0 0
0 0
0 0
0 0
0 0
0 0
0 0
0 0
0 0
0 0
0 0
0 0
0 0
0 0
0 0
0 0
0 0
0 0
0 0
0 0
0 0
0 0
0 0
0 0
0 0
0 0
0 0
0 0
0 0
0 0
0 0
0 0
0 0
0 0
0 0
0 0
0 0
0 0
0 0
0 0
0 0
0 0
0 0
0 0
0 0
0 0
0 0
0 0
0 0
0 0
0 0
0 0
0 0
0 0
0 0
0 0
0 0
0 0
0 0
0 0
0 0
0 0
0 0
0 0
0 0
0 0
0 0
0 0
0 0
0 0
0 0
0 0
0 0
0 0
0 0
0 0
0 0
0 0
0 0
0 0
0 0
0 0
0 0
0 0
0 0
0 0
0 0
0 0
0 0
0 0
0 0
0 1
0 1
0 1
0 1
0 1
0 1
0 1
0 1
0 1
0 1
0 1
0 1
0 1
0 1
0 1
0 1
0 1
0 1
0 1
0 1
0 1
0 1
0 1
0 1
0 1
0 1
0 1
0 1
0 1
0 1
0 1
0 1
0 1
0 1
0 1
0 1
0 1
0 1
0 1
0 1
0 1
0 1
0 1
0 1
0 1
0 1
2 2
2 2
2 2
2 2
2 2
2 2
2 2
2 2
39 2
39 2
39 2
39 2
2 2
2 2
2 2
2 2
2 2
2 2
2 2
2 2
2 2
2 2
2 2
2 2
2 2
2 2
2 2
2 2
2 2
2 2
2 2
2 2
2 2
2 2
2 2
2 2
2 2
2 2
2 2
2 2
2 2
2 2
2 2
2 2
2 2
2 2
2 2
2 2
2 2
2 2
2 2
2 2
2 2
2 2
39 2
39 2
3 3
3 3
3 3
3 3
3 3
3 3
3 3
3 3
3 3
3 3
3 3
3 3
3 3
22 3
22 3
22 3
22 3
22 3
3 3
3 3
3 3
3 3
3 3
3 3
3 3
3 3
3 3
3 3
3 3
3 3
3 3
3 3
3 3
3 3
3 3
3 3
3 3
3 3
3 3
3 3
3 3
3 3
3 3
3 3
3 3
3 3
3 3
22 3
22 3
22 3
22 3
22 3
22 3
3 3
3 3
3 3
3 3
3 3
3 3
3 3
3 3
22 3
22 3
22 3
22 3
3 3
3 3
3 3
3 3
3 3
3 3
3 3
3 3
3 3
3 3
3 3
3 3
3 3
3 3
3 3
3 3
22 3
22 3
3 3
3 3
3 3
3 3
3 3
3 3
3 3
3 3
3 3
3 3
3 3
3 3
3 3
22 3
22 3
22 3
22 3
3 3
3 3
3 3
3 3
3 3
3 3
3 3
3 3
3 3
3 3
3 3
3 3
3 3
22 3
3 3
3 3
3 3
3 3
3 3
3 3
3 3
3 3
3 3
3 3
3 3
3 3
3 3
22 3
3 3
3 3
3 3
3 3
3 3
3 3
3 3
3 3
22 3
3 3
3 3
3 3
3 3
3 3
3 3
3 3
3 3
4 4
4 4
4 4
4 4
4 4
4 4
4 4
4 4
4 4
4 4
4 4
4 4
4 4
4 4
4 4
4 4
4 4
4 4
4 4
4 4
4 4
4 4
4 4
4 4
4 4
4 4
4 4
65 4
65 4
65 4
65 4
65 4
65 4
65 4
65 4
65 4
4 4
4 4
4 4
4 4
4 4
4 4
4 4
4 4
4 4
4 4
4 4
4 4
4 4
4 4
4 4
4 4
4 4
4 4
4 4
4 4
4 4
4 4
5 5
5 5
5 5
5 5
5 5
5 5
5 5
5 5
5 5
5 5
5 5
5 5
5 5
5 5
5 5
5 5
5 5
5 5
5 5
5 5
5 5
5 5
5 5
5 5
5 5
5 5
5 5
5 5
5 5
5 5
5 5
5 5
5 5
5 5
5 5
5 5
5 5
5 5
5 5
5 5
5 5
5 5
5 5
5 5
5 5
5 5
5 5
5 5
5 5
5 5
5 5
5 5
5 5
5 5
5 5
5 5
5 5
5 5
5 5
5 5
5 5
5 5
5 5
5 5
5 5
5 5
5 5
5 5
5 5
5 5
5 5
5 5
5 5
5 5
5 5
5 5
5 5
5 5
5 5
5 5
5 5
5 5
5 5
5 5
5 5
5 5
5 5
5 5
5 5
5 5
5 5
5 5
5 5
5 5
5 5
5 5
5 5
5 5
5 5
5 5
5 5
5 5
5 5
5 5
5 5
5 5
5 5
5 5
5 5
5 5
5 5
5 5
5 5
5 5
5 5
5 5
5 5
5 5
5 5
5 5
5 5
5 6
19 6
19 6
23 6
40 6
5 6
40 6
40 6
24 6
5 6
40 6
40 6
5 6
41 6
40 6
40 6
19 6
19 6
40 6
19 6
19 6
21 6
5 6
19 6
19 6
19 6
19 6
19 6
19 6
19 6
19 6
19 6
19 6
5 6
73 6
51 6
73 6
50 6
19 6
19 6
73 6
5 6
5 6
5 6
76 6
5 7
22 7
23 7
40 7
5 7
40 7
22 7
54 7
40 7
24 7
22 7
22 7
58 7
22 7
22 7
22 7
40 7
40 7
5 7
22 7
22 7
41 7
40 7
40 7
22 7
22 7
40 7
22 7
64 7
64 7
22 7
5 7
21 7
5 7
73 7
22 7
73 7
50 7
22 7
22 7
22 7
22 7
73 7
5 7
5 7
5 7
76 7
22 7
22 7
8 8
8 8
8 8
8 8
8 8
8 8
8 8
8 8
8 8
8 8
8 8
8 8
8 8
8 8
8 8
8 8
8 8
8 8
8 8
8 8
8 8
8 8
8 8
8 8
8 8
8 8
8 8
8 8
8 8
8 8
8 8
8 8
8 8
8 8
8 8
8 8
8 8
8 8
8 8
8 8
8 8
8 8
8 8
8 8
8 8
8 8
8 8
8 8
8 8
8 8
8 8
8 8
8 8
8 8
8 8
8 8
8 8
8 8
8 8
8 8
8 8
8 8
8 8
8 8
8 8
8 8
8 8
8 8
8 8
8 8
8 8
8 8
8 8
8 8
8 8
8 8
8 8
8 8
8 8
8 8
8 8
8 8
8 8
8 8
8 8
8 8
8 8
8 8
8 8
8 8
8 8
8 8
8 8
8 8
8 8
8 8
8 8
8 8
8 8
8 8
8 8
8 8
8 8
8 8
8 8
8 8
8 8
8 8
8 8
8 8
8 8
8 8
8 8
8 8
8 8
8 8
8 8
8 8
8 8
8 8
8 8
8 8
8 8
8 8
8 8
8 8
8 8
8 8
8 8
8 8
8 8
8 8
8 8
8 8
8 8
8 8
8 8
8 8
8 8
8 8
8 8
8 8
8 8
8 8
8 8
8 8
8 8
8 8
8 8
8 8
8 8
8 8
8 8
8 8
8 8
8 8
8 8
8 8
8 8
8 8
8 8
8 8
8 8
8 8
8 8
8 8
8 8
8 8
8 8
8 8
8 8
8 8
8 8
8 8
8 8
8 8
8 8
8 8
8 8
8 8
8 8
8 8
8 8
8 8
8 8
8 8
8 8
8 8
8 8
8 8
8 8
8 8
8 8
8 8
8 8
8 8
8 8
8 8
8 8
8 8
8 8
8 8
8 8
8 8
8 8
8 8
8 8
8 8
8 8
8 8
8 8
8 8
8 8
8 8
8 8
8 8
8 8
8 8
8 8
8 8
8 8
8 8
8 8
8 8
8 8
8 8
8 8
8 8
8 8
8 8
8 8
8 8
8 8
8 8
8 8
8 8
8 8
8 8
8 8
8 8
8 8
8 8
8 8
8 8
8 8
8 8
8 8
8 8
8 8
8 8
8 8
8 8
8 8
8 8
8 8
8 8
8 8
8 8
8 8
8 8
8 8
8 8
8 8
8 8
8 8
8 8
8 8
8 8
8 8
8 8
8 8
8 8
8 8
8 8
8 8
8 8
8 8
8 8
8 8
8 8
8 8
8 8
8 8
8 8
8 8
8 8
8 8
8 8
8 8
8 8
8 8
8 8
8 8
8 8
8 8
8 8
8 8
8 8
8 8
8 8
8 8
8 8
8 8
8 8
8 8
8 8
8 8
8 8
8 8
8 8
8 8
8 8
8 8
8 8
8 8
8 8
8 8
8 8
8 8
8 8
8 8
8 8
8 8
8 8
8 8
8 8
8 8
8 8
8 8
8 8
8 8
8 8
8 8
8 8
8 8
8 8
8 8
8 8
8 8
8 8
8 8
8 8
8 8
8 8
8 8
8 8
8 8
8 8
8 8
8 8
8 8
8 8
8 8
8 8
8 8
8 8
8 8
8 8
8 8
8 8
8 8
8 8
8 8
8 8
8 8
8 8
8 8
8 8
8 8
8 8
8 8
8 8
8 8
8 8
8 8
8 8
8 8
8 8
8 8
8 8
8 8
8 8
8 8
8 8
8 8
8 8
8 8
8 8
8 8
8 8
8 8
8 8
8 8
8 8
8 8
8 8
8 8
8 8
8 8
8 8
8 8
8 8
8 8
8 8
8 8
8 8
8 8
8 8
8 8
8 8
8 8
8 8
8 8
8 8
8 8
8 8
8 8
8 9
8 9
8 9
8 9
8 9
8 9
8 9
8 9
8 9
8 9
8 9
8 9
8 9
8 9
8 9
8 9
8 9
8 9
8 9
8 9
8 9
8 9
8 9
8 9
8 9
8 9
8 9
8 9
8 9
8 9
8 9
8 9
8 9
8 9
8 9
8 9
8 9
8 9
8 9
8 9
8 9
8 9
8 9
8 9
8 9
8 9
8 9
8 9
8 9
8 9
8 9
8 9
8 9
8 9
8 9
8 9
8 9
8 9
8 9
8 9
8 9
8 9
8 9
8 9
8 9
8 9
8 9
8 9
8 9
8 9
8 9
8 9
8 9
8 9
8 9
8 9
8 9
8 9
8 9
8 9
8 9
8 9
8 9
8 9
8 9
8 9
8 9
8 9
8 9
8 9
8 9
8 9
8 9
8 9
8 9
8 9
8 9
8 9
8 9
8 9
8 9
8 9
8 9
8 9
8 9
8 9
8 9
8 9
8 9
8 9
8 9
10 10
10 10
10 10
10 10
10 10
10 10
10 10
10 10
10 10
10 10
10 10
10 10
10 10
10 10
10 10
10 10
10 10
10 10
10 10
10 10
10 10
10 10
10 10
10 10
10 10
10 10
10 10
10 10
10 10
10 10
10 10
10 10
10 10
10 10
10 10
10 10
10 10
10 10
10 10
10 10
10 10
10 10
10 10
10 10
10 10
10 10
10 10
10 10
10 10
10 10
10 10
10 10
10 10
10 10
10 10
10 10
10 10
10 10
10 10
10 10
10 10
33 11
33 11
11 11
11 11
11 11
11 11
11 11
11 11
11 11
11 11
11 11
11 11
11 11
33 11
11 11
11 11
11 11
33 11
33 11
11 11
11 11
11 11
11 11
11 11
12 12
12 12
12 12
12 12
12 12
12 12
12 12
12 12
12 12
12 13
12 13
12 13
12 13
12 13
12 13
12 13
12 13
12 13
12 13
12 13
12 14
12 14
12 15
12 15
12 15
12 16
12 16
12 16
12 17
12 17
12 17
18 18
18 18
18 18
18 18
18 18
18 18
18 18
18 18
18 18
18 18
18 18
18 18
18 18
18 18
18 18
21 18
21 18
21 18
21 18
21 18
21 18
21 18
21 18
21 18
21 18
21 18
18 18
18 18
18 18
18 18
18 18
18 18
18 18
18 18
18 18
18 18
18 18
18 18
18 18
18 18
18 18
18 18
21 18
21 18
21 18
21 18
21 18
18 18
18 18
18 18
18 18
18 18
18 18
18 18
18 18
18 18
18 18
18 18
18 18
18 18
18 18
18 18
18 18
18 18
18 18
18 18
18 18
18 18
18 18
18 18
18 18
18 18
18 18
18 18
18 18
18 18
18 18
18 18
18 18
18 18
18 18
21 18
21 18
21 18
21 18
21 18
21 18
21 18
21 18
18 18
18 18
18 18
18 18
18 18
18 18
18 18
18 18
18 18
18 18
18 18
18 18
18 18
18 18
18 18
18 18
18 18
18 18
18 18
18 18
18 18
18 18
18 18
18 18
18 18
18 18
18 18
18 18
18 18
18 18
18 18
18 18
18 18
18 18
18 18
18 18
18 18
18 18
18 18
18 18
18 18
18 18
18 18
18 18
18 18
18 18
18 18
18 18
18 18
18 18
18 18
50 18
21 18
21 18
18 18
18 18
18 18
18 18
18 18
18 18
18 18
18 18
18 18
18 18
18 18
18 18
18 18
18 18
18 18
18 18
35 19
35 19
35 19
35 19
35 19
35 19
19 19
19 19
19 19
19 19
19 19
19 19
19 20
22 20
40 20
40 20
22 20
40 20
20 20
20 20
20 20
20 20
22 20
22 20
22 20
22 20
22 20
20 20
20 20
20 20
20 20
40 20
40 20
22 20
22 20
20 20
40 20
40 20
22 20
22 20
19 20
40 20
20 20
20 20
20 20
20 20
22 20
19 20
20 20
22 20
19 20
19 20
19 20
19 20
19 20
22 20
20 20
20 20
20 20
20 20
22 20
22 20
22 20
22 20
19 20
20 20
20 20
20 20
20 20
22 20
22 20
21 21
21 21
21 21
21 21
21 21
21 21
21 21
21 21
21 21
21 21
21 21
21 21
21 21
21 21
21 21
21 21
21 21
21 21
21 21
21 21
21 21
21 21
21 21
21 21
21 21
21 21
21 21
21 21
21 21
21 21
21 21
21 21
21 21
21 21
21 21
21 21
21 21
21 21
21 21
21 21
21 21
21 21
21 21
21 21
21 21
21 21
21 21
21 21
21 21
21 21
21 21
21 21
21 21
21 21
21 21
21 21
21 21
21 21
21 21
21 21
21 21
21 21
21 21
21 21
21 21
21 21
21 21
21 21
21 21
21 21
21 21
21 21
21 21
21 21
21 21
21 21
21 21
21 21
21 21
21 21
21 21
21 21
21 21
21 21
21 21
21 21
21 21
21 21
21 21
21 21
21 21
18 21
21 21
21 21
21 21
21 21
21 21
21 21
21 21
21 21
21 21
21 21
21 21
21 21
21 21
21 21
21 21
21 21
21 21
21 21
21 21
21 21
21 21
21 21
21 21
21 21
21 21
21 21
21 21
21 21
21 21
21 21
21 21
21 21
21 21
21 21
21 21
21 21
21 21
21 21
21 21
21 21
21 21
21 21
21 21
21 21
21 21
21 21
21 21
21 21
21 21
21 21
21 21
21 21
21 21
21 21
21 21
21 21
21 21
21 21
21 21
21 21
21 21
21 21
21 21
21 21
21 21
21 21
21 21
21 21
21 21
21 21
21 21
21 21
21 21
21 21
21 21
21 21
21 21
21 21
21 21
21 21
21 21
21 21
21 21
21 21
21 21
21 21
21 21
21 21
21 21
21 21
21 21
21 21
21 21
21 21
21 21
21 21
21 21
21 21
21 21
21 21
21 21
21 21
21 21
21 21
21 21
21 21
21 21
21 21
21 21
21 21
21 21
21 21
21 21
21 21
21 21
21 21
21 21
21 21
21 21
21 21
21 21
21 21
21 21
21 21
21 21
21 21
21 21
50 21
50 21
21 21
21 21
21 21
21 21
21 21
21 21
21 21
21 21
21 21
21 21
21 21
21 21
21 21
21 21
21 21
21 21
21 21
21 21
21 21
21 21
21 21
21 21
21 21
21 21
21 21
21 21
21 21
21 21
21 21
21 21
21 21
21 21
21 21
21 21
21 21
21 21
21 21
21 21
21 21
21 21
21 21
21 21
21 21
21 21
21 21
21 21
21 21
21 21
21 21
21 21
21 21
21 21
21 21
21 21
21 21
21 21
21 21
21 21
21 21
21 21
21 21
21 21
21 21
21 21
21 21
21 21
21 21
21 21
21 21
21 21
21 21
21 21
21 21
21 21
21 21
21 21
21 21
21 21
21 21
21 21
21 21
21 21
21 21
21 21
21 21
21 21
21 21
21 21
21 21
21 21
21 21
21 21
21 21
21 21
22 22
22 22
22 22
22 22
22 22
22 22
22 22
22 22
22 22
22 22
22 22
22 22
22 22
22 22
22 22
22 22
22 22
22 22
22 22
22 22
22 22
22 22
22 22
22 22
22 22
22 22
22 22
22 22
22 22
22 22
22 22
22 22
22 22
22 22
22 22
22 22
22 22
22 22
22 22
22 22
22 22
22 22
22 22
22 22
22 22
22 22
22 22
22 22
22 22
22 22
22 22
22 22
22 22
22 22
22 22
22 22
22 22
22 22
22 22
22 22
22 22
22 22
22 22
22 22
22 22
22 22
22 22
22 22
22 22
22 22
22 22
22 22
22 22
22 22
22 22
22 22
22 22
22 22
22 22
22 22
22 22
22 22
22 22
22 22
22 22
22 22
22 22
22 22
22 22
22 22
22 22
22 22
22 22
22 22
22 22
22 22
22 22
22 22
22 22
22 22
22 22
22 22
22 22
22 22
22 22
22 22
22 22
22 22
22 22
22 22
22 22
22 22
22 22
22 22
22 22
22 22
22 22
22 22
22 22
22 22
22 22
22 22
22 22
22 22
22 22
22 22
22 22
22 22
22 22
22 22
22 22
22 22
22 22
22 22
22 22
22 22
22 22
22 22
22 22
22 22
22 22
22 22
22 22
22 22
22 22
22 22
22 22
22 22
22 22
22 22
22 22
22 22
22 22
22 22
22 22
22 22
22 22
22 22
22 22
22 22
22 22
22 22
22 22
22 22
22 22
22 22
22 22
22 22
22 22
22 22
22 22
22 22
22 22
22 22
22 22
22 22
22 22
22 22
22 22
22 22
22 22
22 22
22 22
22 22
22 22
22 22
22 22
22 22
22 22
22 22
22 22
22 22
22 22
22 22
22 22
22 22
22 22
22 22
22 22
22 22
22 22
22 22
22 22
22 22
22 22
22 22
22 22
22 22
22 22
22 22
22 22
22 22
22 22
22 22
22 22
22 22
22 22
22 22
22 22
22 22
22 22
22 22
22 22
22 22
22 22
22 22
22 22
22 22
22 22
22 22
22 22
22 22
22 22
22 22
22 22
23 23
23 23
23 23
23 23
23 23
23 23
23 23
24 23
23 24
23 24
24 24
24 24
24 24
24 24
24 24
25 25
25 25
25 25
25 25
25 25
25 25
25 25
25 25
25 25
25 25
25 25
25 25
25 25
25 25
25 25
25 25
25 25
25 25
25 25
25 25
25 25
25 25
25 25
25 25
25 25
25 25
25 25
25 25
25 25
25 25
25 25
25 25
25 25
25 25
25 25
25 25
25 25
25 25
25 25
25 25
25 25
25 25
25 25
25 25
25 25
25 25
25 25
25 25
25 25
25 25
25 25
25 25
25 25
25 25
25 25
25 25
25 25
25 25
25 25
25 25
25 25
25 25
25 25
25 25
25 25
25 25
25 25
25 25
25 25
25 25
25 25
25 25
25 25
25 25
25 25
25 25
25 25
25 25
25 25
25 25
25 25
25 25
25 25
25 25
25 25
25 25
25 25
25 25
25 25
25 25
25 25
25 25
25 25
25 25
25 25
25 25
25 25
25 25
25 25
25 25
25 25
25 25
25 25
25 25
25 25
25 25
25 25
25 25
25 25
25 25
25 25
25 25
25 25
25 25
25 25
25 25
25 25
25 25
25 25
25 25
25 25
25 25
25 25
25 25
25 25
25 25
25 25
25 25
25 25
25 25
25 25
25 25
25 25
25 25
25 25
25 25
25 25
25 25
25 25
25 25
25 25
25 25
25 25
25 25
25 25
25 25
25 25
25 25
25 25
25 25
25 25
25 25
25 25
25 25
25 25
25 25
25 25
25 25
25 25
25 25
25 25
25 25
25 25
25 25
25 25
25 25
25 25
25 25
25 25
25 25
25 25
25 25
25 25
25 25
25 25
25 25
25 25
25 25
25 25
25 25
25 25
25 25
25 25
25 25
25 25
25 25
25 25
25 25
25 25
25 25
25 25
25 25
25 25
25 25
25 25
25 25
25 25
25 25
25 25
25 25
25 25
25 25
25 25
25 25
25 25
25 25
25 25
25 25
25 25
25 25
25 25
25 25
25 25
25 25
25 25
25 25
25 25
25 25
25 25
25 25
25 25
25 25
25 25
25 25
25 25
25 25
25 25
25 25
25 25
25 25
25 25
25 25
25 25
25 25
25 26
25 26
25 26
33 26
25 26
25 26
25 26
25 26
25 26
25 26
25 26
25 26
25 26
25 26
25 27
25 27
25 27
25 27
25 27
25 27
25 27
25 27
25 27
25 27
27 27
25 27
25 27
25 27
28 28
28 28
28 28
28 28
28 28
28 28
28 28
28 28
28 28
28 28
28 28
33 28
28 28
28 28
28 28
28 28
28 28
28 28
28 28
28 28
28 28
28 28
28 28
28 28
28 28
28 28
28 28
28 28
28 28
33 28
33 28
33 28
33 28
33 28
28 28
28 28
28 28
28 28
28 28
28 28
28 28
28 28
28 28
28 28
28 28
28 28
28 28
28 28
28 28
28 28
28 28
28 28
28 28
28 28
28 28
28 28
28 28
28 28
28 28
28 28
28 28
28 28
33 28
28 28
28 28
28 28
28 28
28 28
28 28
28 28
28 28
28 28
28 28
28 28
28 28
28 28
28 28
28 28
28 28
28 28
28 28
28 28
28 28
28 28
28 28
28 28
28 28
28 28
28 28
28 28
28 28
28 28
28 28
28 28
28 28
28 28
33 28
28 28
28 28
28 28
28 28
28 28
28 28
28 28
28 28
28 28
28 28
28 28
28 28
28 28
28 28
28 28
28 28
28 28
28 28
28 28
28 28
28 28
28 28
28 28
28 28
28 28
28 28
28 28
28 28
28 28
28 28
28 28
28 28
28 28
28 28
28 28
28 28
29 29
29 29
29 29
29 29
29 29
29 29
29 29
29 29
29 29
29 29
29 29
29 29
29 29
29 29
29 29
29 29
29 29
29 29
29 29
29 29
29 29
29 29
29 29
29 29
29 29
29 29
29 29
29 29
29 29
29 29
29 29
29 29
29 29
29 29
29 29
29 29
29 29
29 29
29 29
29 29
29 29
29 29
29 29
29 29
29 29
29 29
29 29
30 29
30 29
30 29
30 29
30 29
30 29
30 29
30 29
30 29
30 29
30 29
30 29
30 29
30 29
30 29
30 29
30 29
30 29
30 29
30 29
30 29
30 29
30 29
30 29
30 29
30 29
30 29
30 29
30 29
30 29
30 29
30 29
30 29
30 29
30 29
30 29
30 29
30 29
30 29
30 29
30 29
30 29
30 29
30 29
30 29
30 29
30 29
30 29
30 29
30 29
30 29
30 29
30 29
30 29
30 29
30 29
30 29
30 29
30 29
30 29
30 29
30 29
30 29
30 29
30 29
30 29
30 29
30 29
30 29
30 29
30 29
30 29
30 29
30 29
30 29
30 29
30 29
30 29
30 29
30 29
30 29
30 29
30 29
30 29
30 29
30 29
30 29
30 29
30 29
30 29
30 29
30 29
30 29
30 29
30 29
30 29
30 29
30 29
30 29
30 29
30 29
30 29
30 29
30 29
30 29
30 29
30 29
30 29
30 29
30 29
30 29
30 29
30 29
30 29
30 29
30 29
30 29
30 29
30 29
30 29
30 29
30 29
30 29
30 29
30 29
30 29
30 29
30 29
30 29
30 29
30 29
30 29
30 29
30 29
30 29
30 29
30 29
30 29
30 29
30 29
30 29
30 29
30 29
30 29
30 29
30 29
30 29
30 29
30 29
30 29
30 29
30 29
30 29
30 29
30 29
30 29
30 29
30 29
30 29
30 29
30 29
30 29
30 29
30 29
30 29
30 29
30 29
30 29
30 29
30 29
30 29
30 29
30 29
30 29
30 29
30 29
30 29
30 29
30 29
30 29
30 29
30 29
30 29
30 29
30 29
30 29
30 29
30 29
30 29
30 29
30 29
30 29
30 29
30 29
30 29
30 29
30 29
30 29
30 29
30 29
29 29
29 29
29 29
29 29
29 29
29 29
29 29
29 29
29 29
29 29
29 29
29 29
29 29
29 29
29 29
29 29
29 29
29 29
29 29
29 29
29 29
29 29
29 29
29 29
29 29
29 29
29 29
29 29
29 29
29 29
29 29
29 29
29 29
29 29
29 29
29 29
29 29
29 29
29 29
29 29
29 29
29 29
29 29
29 29
29 29
29 29
29 29
29 29
29 29
29 29
29 29
29 29
29 29
29 29
29 29
29 29
29 29
29 29
29 29
29 29
29 29
29 29
29 29
29 29
29 29
29 29
29 29
29 29
29 29
29 29
29 29
29 29
29 29
29 29
29 29
29 29
29 29
29 29
29 29
29 29
29 29
29 29
29 29
29 29
29 29
29 29
29 29
29 29
29 29
29 29
29 29
29 29
29 29
29 29
29 29
29 29
29 29
29 29
29 29
29 29
29 29
29 29
29 29
29 29
29 29
29 29
29 29
29 29
29 29
29 29
29 29
29 29
29 29
29 29
29 29
29 29
29 29
29 29
29 29
29 29
29 29
29 29
29 29
29 29
29 29
29 29
29 29
29 29
29 29
29 29
29 29
29 29
29 29
29 29
29 29
29 29
29 29
29 29
29 29
29 29
29 29
29 29
29 29
29 29
29 29
29 29
29 29
29 29
29 29
29 29
29 29
29 29
29 29
29 29
29 29
29 29
29 29
29 29
29 29
29 29
29 29
29 29
29 29
29 29
29 29
29 29
29 29
29 29
29 29
29 29
29 29
29 29
29 29
29 29
29 29
29 29
29 29
29 29
29 29
29 29
29 29
29 29
29 29
29 29
29 29
29 29
29 29
29 29
29 29
29 29
30 29
30 29
30 29
30 29
30 29
30 29
30 29
30 29
30 29
30 29
30 29
30 29
30 29
30 29
30 29
30 29
30 29
30 29
30 29
30 29
30 29
30 29
30 29
30 29
30 29
30 29
30 29
30 29
30 29
30 29
30 29
30 29
30 29
30 29
30 29
30 29
30 29
30 29
29 29
29 29
29 29
29 29
29 29
29 29
29 29
29 29
29 29
29 29
29 29
29 29
29 29
29 29
29 29
29 29
29 29
29 29
29 29
29 29
29 29
29 29
29 29
29 29
29 29
29 29
29 29
29 29
29 29
29 29
29 29
29 29
29 29
29 29
29 29
29 29
29 29
29 29
29 29
29 29
29 29
29 29
29 29
29 29
29 29
29 29
29 29
29 29
29 29
29 29
29 29
29 29
29 29
29 29
29 29
29 29
29 29
29 29
29 29
29 29
29 29
29 29
29 29
29 29
29 29
29 29
29 29
29 29
29 29
29 29
29 29
29 29
29 29
29 29
29 29
29 29
29 29
29 29
29 29
29 29
29 29
29 29
29 29
30 29
30 29
30 29
30 29
30 29
30 29
30 29
30 29
30 29
30 29
30 29
30 29
30 29
30 29
30 29
30 29
30 29
30 29
30 29
30 29
30 29
30 29
30 29
30 29
30 29
30 29
30 29
30 29
30 29
30 29
30 29
30 29
30 29
30 29
30 29
30 29
30 29
30 29
29 29
29 29
29 29
29 29
29 29
29 29
29 29
29 29
29 29
29 29
29 29
29 29
29 29
29 29
29 29
29 29
29 29
29 29
29 29
29 29
29 29
29 29
29 29
29 29
29 29
29 29
29 29
29 29
29 29
29 29
29 29
29 29
29 29
29 29
29 29
29 29
29 29
29 29
29 29
29 29
29 29
29 29
29 29
29 29
29 29
29 29
29 29
29 29
29 29
29 29
29 29
29 29
29 29
29 29
29 29
29 29
29 29
29 29
29 29
29 29
29 29
29 29
29 29
29 29
29 29
29 29
29 29
29 29
29 29
29 29
29 29
29 29
29 29
29 29
29 29
29 29
29 29
29 29
29 29
29 29
29 29
29 29
29 29
29 29
29 29
29 29
29 29
29 29
29 29
29 29
29 29
29 29
29 29
29 29
29 29
29 29
29 29
29 29
29 29
29 29
29 29
29 29
29 29
29 29
29 29
29 29
29 29
29 29
29 29
29 29
29 29
29 29
29 29
29 29
29 29
29 29
29 29
29 29
29 29
29 29
29 29
29 29
29 29
29 29
29 29
29 29
29 29
29 29
29 29
29 29
29 29
29 29
29 29
29 29
29 29
29 29
29 29
29 29
29 29
29 29
29 29
29 29
29 29
29 29
29 29
29 29
29 29
29 29
29 29
29 29
29 29
29 29
29 29
29 29
29 29
29 29
29 29
29 29
29 29
29 29
29 29
29 29
29 29
29 29
29 29
29 29
29 29
29 29
29 29
29 29
29 29
29 29
29 29
29 29
29 29
29 29
29 29
29 29
29 29
29 29
29 29
29 29
29 29
29 29
29 29
29 29
29 29
29 29
29 29
29 29
29 29
29 29
29 29
29 29
29 29
29 29
29 29
29 29
29 29
29 29
29 29
29 29
29 30
29 30
29 30
29 30
29 30
29 30
29 30
29 30
29 30
29 30
29 30
29 30
29 30
29 30
29 30
29 30
29 30
29 30
29 30
29 30
29 30
29 30
29 30
29 30
29 30
29 30
29 30
29 30
29 30
29 30
29 30
29 30
29 30
29 30
29 30
29 30
29 30
29 30
29 30
29 30
29 30
29 30
29 30
30 30
30 30
30 30
30 30
30 30
30 30
30 30
30 30
30 30
30 30
30 30
30 30
30 30
30 30
30 30
30 30
30 30
30 30
30 30
30 30
30 30
30 30
30 30
30 30
30 30
30 30
30 30
30 30
30 30
30 30
30 30
30 30
30 30
30 30
30 30
30 30
30 30
30 30
30 30
30 30
30 30
30 30
30 30
30 30
30 30
30 30
30 30
30 30
30 30
30 30
30 30
30 30
30 30
30 30
30 30
30 30
30 30
30 30
30 30
30 30
30 30
30 30
30 30
30 30
30 30
30 30
30 30
30 30
30 30
30 30
30 30
30 30
30 30
30 30
30 30
30 30
30 30
30 30
30 30
30 30
30 30
30 30
30 30
30 30
30 30
30 30
30 30
30 30
30 30
30 30
30 30
30 30
30 30
30 30
30 30
30 30
30 30
30 30
30 30
30 30
30 30
30 30
30 30
30 30
30 30
30 30
30 30
30 30
30 30
30 30
30 30
30 30
30 30
30 30
30 30
30 30
30 30
30 30
30 30
30 30
30 30
30 30
30 30
30 30
30 30
30 30
30 30
30 30
30 30
29 30
29 30
29 30
29 30
29 30
29 30
29 30
29 30
29 30
29 30
29 30
29 30
29 30
29 30
29 30
29 30
29 30
29 30
29 30
29 30
29 30
29 30
29 30
29 30
29 30
29 30
29 30
29 30
29 30
29 30
29 30
29 30
29 30
29 30
29 30
29 30
29 30
29 30
29 30
29 30
29 30
29 30
29 30
29 30
29 30
29 30
29 30
29 30
29 30
29 30
29 30
29 30
29 30
29 30
29 30
29 30
29 30
29 30
29 30
29 30
29 30
29 30
29 30
29 30
29 30
29 30
29 30
29 30
29 30
29 30
29 30
29 30
29 30
29 30
29 30
29 30
29 30
29 30
29 30
29 30
29 30
29 30
29 30
29 30
29 30
29 30
29 30
29 30
29 30
29 30
29 30
29 30
29 30
29 30
29 30
29 30
29 30
29 30
29 30
29 30
29 30
29 30
29 30
29 30
29 30
30 30
30 30
30 30
30 30
30 30
30 30
30 30
30 30
30 30
30 30
30 30
30 30
30 30
30 30
30 30
30 30
30 30
30 30
30 30
30 30
30 30
30 30
30 30
29 30
29 30
29 30
29 30
29 30
29 30
29 30
29 30
29 30
29 30
29 30
29 30
29 30
29 30
29 30
29 30
29 30
29 30
29 30
29 30
29 30
29 30
29 30
29 30
29 30
29 30
29 30
29 30
29 30
29 30
29 30
29 30
29 30
29 30
29 30
29 30
29 30
29 30
29 30
29 30
29 30
29 30
30 30
30 30
30 30
30 30
30 30
30 30
30 30
30 30
30 30
30 30
30 30
30 30
30 30
30 30
30 30
30 30
30 30
30 30
30 30
30 30
30 30
29 30
29 30
29 30
29 30
29 30
29 30
29 30
29 30
29 30
29 30
29 30
29 30
29 30
29 30
29 30
29 30
29 30
29 30
29 30
29 30
29 30
29 30
29 30
29 30
29 30
29 30
29 30
29 30
29 30
29 30
29 30
29 30
29 30
29 30
29 30
29 30
29 30
29 30
29 30
29 30
29 30
29 30
29 30
29 30
29 30
29 30
29 30
29 30
29 30
29 30
29 30
29 30
29 30
29 30
29 30
29 30
29 30
29 30
29 30
29 30
29 30
29 30
29 30
29 30
29 30
29 30
29 30
29 30
29 30
29 30
29 30
29 30
29 30
29 30
29 30
29 30
29 30
29 30
29 30
29 30
29 30
29 30
29 30
29 30
29 30
29 30
29 30
29 30
29 30
29 30
29 30
29 30
29 30
29 30
29 30
29 30
29 30
29 30
29 30
29 30
29 30
29 30
29 30
29 30
29 30
29 30
29 30
29 30
29 30
29 30
29 30
29 30
29 30
29 30
29 30
29 30
29 30
29 30
29 30
29 30
29 30
29 30
29 30
29 30
29 30
29 30
29 30
29 30
29 30
29 30
29 30
29 30
29 30
29 30
29 30
29 30
29 30
29 30
29 30
29 30
29 30
29 30
29 30
29 30
29 30
29 30
29 30
29 30
29 30
29 30
32 31
32 31
32 31
32 31
32 31
32 31
32 31
32 31
32 31
32 31
32 31
32 31
32 31
32 31
32 31
32 31
32 31
32 31
32 31
32 31
32 31
32 31
32 31
32 31
32 31
32 31
32 31
32 31
32 31
32 31
32 31
32 31
32 31
32 31
32 31
32 31
32 31
32 31
32 31
32 31
32 31
32 31
32 31
32 31
32 31
32 31
32 31
32 31
32 31
32 31
32 31
32 31
32 31
32 31
32 31
32 31
32 31
32 31
32 31
32 31
32 31
32 31
32 31
32 31
32 31
32 31
32 31
32 31
32 31
32 31
32 31
32 31
32 31
32 31
32 31
32 31
32 31
32 31
32 31
32 31
32 31
32 31
32 31
32 31
32 31
32 31
32 31
32 31
32 31
32 31
32 31
32 31
32 31
32 31
32 31
32 31
32 31
32 31
32 31
32 31
32 31
32 31
32 31
32 31
32 31
32 31
32 31
32 31
32 31
32 31
32 31
32 31
32 31
32 31
32 31
32 31
32 31
32 31
32 31
32 31
32 31
32 31
32 31
32 31
32 31
32 31
32 31
32 31
32 31
32 31
32 31
32 31
32 31
32 31
32 31
32 31
32 31
32 31
32 31
32 31
32 31
32 31
32 31
32 31
32 31
32 31
32 31
32 31
32 31
32 31
31 32
31 32
31 32
31 32
31 32
31 32
31 32
32 32
32 32
32 32
32 32
31 32
31 32
31 32
31 32
31 32
31 32
31 32
32 32
32 32
32 32
32 32
31 32
31 32
31 32
31 32
31 32
31 32
31 32
31 32
31 32
31 32
31 32
31 32
31 32
31 32
31 32
31 32
31 32
31 32
31 32
31 32
31 32
31 32
31 32
31 32
31 32
31 32
31 32
31 32
51 32
31 32
31 32
31 32
31 32
31 32
31 32
31 32
31 32
31 32
31 32
31 32
31 32
31 32
31 32
31 32
31 32
31 32
31 32
31 32
31 32
31 32
33 33
33 33
33 33
33 33
33 33
33 33
33 33
33 33
33 33
33 33
33 33
33 33
33 33
33 33
33 33
33 33
33 33
33 33
33 33
33 33
33 33
33 33
33 33
33 33
33 33
33 33
33 33
33 33
33 33
33 33
33 33
33 33
33 33
33 33
33 33
33 33
33 33
33 33
33 33
33 33
33 33
33 33
33 33
33 33
33 33
66 34
66 34
66 34
70 34
32 36
32 36
37 37
37 37
37 37
37 37
37 37
37 37
37 37
37 37
37 37
37 37
37 37
37 37
37 37
37 37
37 37
37 37
37 37
37 37
37 37
37 37
37 37
37 37
37 37
37 37
37 37
37 37
37 37
37 37
37 37
37 37
37 37
37 37
37 37
37 37
37 37
37 37
37 37
37 37
37 37
37 37
37 37
37 37
37 37
37 37
37 37
37 37
37 37
37 37
37 37
37 37
37 37
37 37
37 37
37 37
37 37
37 37
37 37
37 37
37 37
37 37
37 37
37 37
37 37
37 37
37 37
37 37
37 37
37 37
37 37
37 37
37 37
37 37
37 37
37 37
37 37
37 37
37 37
37 37
37 37
37 37
37 37
37 37
37 37
37 37
37 37
37 37
37 37
37 37
37 37
37 37
37 37
37 37
37 37
37 37
37 37
37 37
37 37
37 37
37 37
37 37
37 37
37 37
37 37
37 37
37 37
37 37
37 37
37 37
37 37
37 37
37 37
37 37
37 37
37 37
37 37
37 37
37 37
37 37
37 37
37 37
37 37
37 37
37 37
37 37
37 37
37 37
37 37
37 37
37 37
37 37
37 37
37 37
37 37
37 37
37 37
37 37
37 37
37 37
37 37
37 37
37 37
37 37
37 37
37 37
37 37
37 37
37 37
37 37
37 37
37 37
37 37
37 37
37 37
37 37
37 37
37 37
37 37
37 37
37 37
37 37
37 37
37 37
37 37
37 37
37 37
37 37
37 37
37 37
37 37
37 37
37 37
37 37
37 37
37 37
37 37
37 37
37 37
37 37
37 37
37 37
37 37
37 37
37 37
37 37
37 37
37 37
37 37
37 37
37 37
37 37
37 37
37 37
37 37
37 37
37 37
37 37
37 37
37 37
37 37
37 37
37 37
37 37
37 37
37 37
37 37
37 37
37 37
37 37
37 37
37 37
37 37
37 37
37 37
37 37
37 37
37 37
37 37
37 37
37 37
37 37
37 37
37 37
37 37
37 37
37 37
37 37
37 37
37 37
37 37
37 37
37 37
37 37
37 37
37 37
37 37
37 37
37 37
37 37
37 37
37 37
37 37
37 37
37 37
37 37
37 37
37 37
37 37
37 37
37 37
37 37
37 37
37 37
37 37
37 37
37 37
37 37
37 37
37 37
37 37
37 37
37 37
37 37
37 37
37 37
37 37
37 37
37 37
37 37
37 37
37 37
37 37
37 37
37 37
37 37
37 37
37 37
37 37
37 37
37 37
37 37
37 37
37 37
37 37
37 37
37 37
37 37
37 37
37 37
37 37
37 37
37 37
37 37
37 37
37 37
37 37
37 37
37 37
37 37
37 37
37 37
37 37
37 37
37 37
37 37
37 37
37 37
37 37
37 37
37 37
37 37
37 37
37 37
37 37
37 37
37 37
37 37
37 37
37 37
37 37
37 37
37 37
37 37
37 37
37 37
37 37
37 37
37 37
37 37
37 37
37 37
37 37
37 37
37 37
37 37
37 37
37 37
37 37
37 37
37 37
37 37
37 37
37 37
37 37
37 37
37 37
37 37
37 37
37 37
37 37
37 37
37 37
37 37
37 37
37 37
37 37
37 37
37 37
37 37
37 37
37 37
37 37
37 37
37 37
37 37
37 37
37 37
37 37
37 37
37 37
37 37
37 37
37 37
37 37
37 37
37 37
37 37
37 37
37 37
37 37
37 37
37 37
37 37
37 37
37 37
37 37
37 37
37 37
37 37
37 37
37 37
37 37
37 37
37 37
37 37
37 37
37 37
37 37
37 37
37 37
37 37
37 37
37 37
37 37
37 37
37 37
37 37
37 37
37 37
37 37
37 37
37 37
37 37
37 37
37 37
37 37
37 37
37 37
37 37
37 37
37 37
37 37
37 37
37 37
37 37
37 37
37 37
37 37
37 37
37 37
37 37
37 37
37 37
37 37
37 37
37 37
37 37
37 37
37 37
37 37
37 37
37 37
37 37
37 37
37 37
37 37
37 37
37 37
37 37
37 37
37 37
37 37
37 37
37 37
37 37
37 37
37 37
37 37
37 37
37 37
37 37
37 37
37 37
37 37
37 37
37 37
37 37
37 37
37 37
37 37
37 37
37 37
37 37
37 37
37 37
37 37
37 37
38 38
38 38
38 38
39 38
38 38
38 38
38 38
38 38
38 38
38 38
38 38
38 38
38 38
38 38
38 38
38 38
38 38
38 38
38 38
38 38
38 38
38 38
38 38
38 38
38 38
38 38
38 38
38 38
38 38
38 38
38 38
38 38
38 38
38 39
39 39
39 39
39 39
38 39
2 39
38 39
38 39
38 39
38 39
38 39
38 39
38 39
40 40
40 40
40 40
40 40
40 40
40 40
40 40
40 40
40 40
40 40
40 40
40 40
40 40
40 40
40 40
40 40
40 40
40 40
40 40
40 40
40 40
40 40
40 40
40 40
40 40
40 40
40 40
40 40
40 40
40 40
40 40
40 40
40 40
40 40
40 40
40 40
40 40
40 40
40 40
40 40
40 40
40 40
40 40
40 40
40 40
40 40
40 40
40 41
40 41
40 41
40 41
40 41
40 41
40 41
40 41
40 41
40 42
21 42
21 42
40 42
40 42
40 42
40 42
40 42
22 42
40 43
40 43
40 43
40 43
40 43
40 43
44 44
44 44
44 44
44 44
44 44
44 44
44 44
44 44
44 44
44 44
44 44
44 44
44 44
44 44
44 44
44 44
44 44
44 44
44 44
44 44
44 44
44 44
44 44
44 44
44 44
44 44
44 44
44 44
44 44
44 44
44 44
44 44
44 44
44 44
44 44
44 44
44 44
44 44
44 44
44 44
44 44
44 44
44 44
44 44
44 44
44 44
44 44
44 44
44 44
44 44
44 44
44 44
44 44
44 44
44 44
44 44
44 44
44 44
44 44
44 44
44 44
44 44
44 44
44 44
44 44
44 44
44 44
44 44
44 44
44 44
44 44
44 44
44 44
44 44
44 44
44 44
44 44
44 44
44 44
44 44
44 44
44 44
44 44
44 44
44 44
44 44
44 44
44 44
44 44
44 44
44 44
44 44
44 44
44 44
44 44
44 44
44 44
44 44
44 44
44 44
44 44
44 44
44 44
44 44
44 44
44 44
44 44
44 44
44 44
44 44
44 44
44 44
44 44
44 44
44 44
44 44
44 44
44 44
44 44
44 44
44 44
44 44
44 44
44 44
44 44
44 44
44 44
44 44
44 44
44 44
44 44
44 44
44 44
44 44
44 44
44 44
44 44
44 44
44 44
44 44
44 44
44 44
44 44
44 44
44 44
44 44
44 44
44 44
44 44
44 44
44 44
44 44
44 44
44 44
44 44
44 44
44 44
44 44
44 44
44 44
44 44
44 44
44 44
44 44
44 44
44 44
44 44
44 44
44 44
44 44
44 44
44 44
44 44
44 44
44 44
44 44
44 44
44 44
44 44
44 44
44 44
44 44
44 44
44 44
44 44
44 44
44 44
44 44
44 44
44 44
44 44
44 44
44 44
44 44
44 44
44 44
44 44
44 44
44 44
44 44
44 44
44 44
44 44
44 44
44 44
44 44
44 44
44 44
44 44
44 44
44 44
44 44
44 44
44 44
44 44
44 44
44 44
44 44
44 44
44 44
44 44
44 44
44 44
44 44
44 44
44 44
44 44
44 44
44 44
44 44
44 44
44 44
44 44
44 44
44 44
44 44
44 44
44 44
44 44
44 44
44 44
44 44
44 44
44 44
44 44
44 44
44 44
44 44
44 44
44 44
44 44
44 44
44 44
44 44
44 44
44 44
44 44
44 44
44 44
44 44
44 44
44 44
44 44
44 44
44 44
44 44
44 44
44 44
44 44
44 44
44 44
44 44
44 44
44 44
44 44
44 44
44 44
44 44
44 44
44 44
44 44
44 44
44 44
44 44
44 44
44 44
44 44
44 44
44 44
44 44
44 44
44 44
44 44
44 44
44 44
44 44
44 44
44 44
44 44
44 44
44 44
44 44
44 44
44 44
44 44
44 44
44 44
44 44
44 44
44 44
44 44
44 44
44 44
44 44
44 44
44 44
44 44
44 44
44 44
44 44
44 44
44 44
44 44
44 44
44 44
44 44
44 44
44 44
44 44
44 44
44 44
44 44
44 44
44 44
44 44
44 44
44 44
44 44
44 44
44 44
44 44
44 44
44 44
44 44
44 44
44 44
44 44
44 44
44 44
44 44
44 44
44 44
44 44
44 44
44 44
44 44
44 44
44 44
44 44
44 44
44 44
44 44
44 44
44 44
44 44
44 44
44 44
44 44
44 44
44 44
44 44
44 44
44 44
44 44
44 44
44 44
44 44
44 44
44 44
44 44
44 44
44 44
44 44
44 44
44 44
44 44
44 44
44 44
44 44
44 44
44 44
44 44
44 44
44 44
44 44
44 44
44 44
44 44
44 44
44 44
44 44
44 44
44 44
44 44
44 44
44 44
44 44
44 44
44 44
44 44
44 44
44 44
44 44
44 44
44 44
44 44
44 44
44 44
44 44
44 44
44 44
44 44
44 44
44 44
44 44
44 44
44 44
44 44
44 44
44 44
44 44
44 44
44 44
44 44
44 44
44 44
44 44
44 44
44 44
44 44
44 44
44 44
44 44
44 44
44 44
44 44
44 44
44 44
44 44
44 44
44 44
44 44
44 44
44 44
45 45
45 45
45 45
45 45
45 45
45 45
52 45
52 45
52 45
52 45
45 45
45 45
45 45
45 45
45 46
52 46
45 46
32 47
32 47
32 47
32 47
48 48
48 48
48 48
48 48
48 48
48 48
48 48
48 48
48 48
48 48
48 48
48 48
48 48
48 48
48 48
48 48
48 48
48 48
48 48
48 48
48 48
48 48
48 48
48 48
48 48
48 48
48 48
48 48
48 48
48 48
48 48
48 48
48 48
48 48
48 48
48 48
48 48
48 48
48 48
48 48
48 48
48 48
48 48
48 48
48 48
48 48
48 48
48 48
48 48
48 48
48 48
48 48
48 48
48 48
48 48
48 48
48 48
48 48
48 48
48 48
48 48
48 48
48 48
48 48
48 48
48 48
48 48
48 48
48 48
48 48
48 48
48 48
48 48
48 48
48 48
48 48
48 48
48 48
48 48
48 48
48 48
48 48
48 48
48 48
48 48
48 48
48 48
48 48
48 48
48 48
48 48
48 48
48 48
48 48
48 48
48 48
48 48
48 48
48 48
48 48
48 48
48 48
48 48
48 48
48 48
48 48
48 48
48 48
48 48
48 48
48 48
48 48
48 48
48 48
48 48
48 48
48 48
48 48
48 48
48 48
48 48
48 48
48 48
48 48
48 48
48 48
48 48
48 48
48 48
48 48
48 48
48 48
48 48
48 48
48 48
48 48
48 48
48 48
48 48
48 48
48 48
48 48
48 48
48 48
48 48
48 48
48 48
48 48
48 48
48 48
48 48
48 48
48 48
48 48
48 48
48 48
48 48
48 48
48 48
48 48
48 48
48 48
48 48
48 48
48 48
48 48
48 48
48 48
48 48
48 48
48 48
48 48
48 48
48 48
48 48
48 48
48 48
48 48
48 48
48 48
48 48
48 48
48 48
48 48
48 48
48 48
48 48
48 48
48 48
48 48
48 48
48 48
48 48
48 48
48 48
48 48
48 48
48 48
48 48
48 48
48 48
48 48
48 48
48 48
48 48
48 48
48 48
48 48
48 48
48 48
48 48
48 48
48 48
48 48
48 48
48 48
48 48
48 48
48 48
48 48
48 48
48 48
48 48
48 48
48 48
48 48
48 48
48 48
48 48
48 48
48 48
48 48
48 48
48 48
48 48
48 48
48 48
48 48
48 48
48 48
48 48
48 48
48 48
48 48
48 48
48 48
48 48
48 48
48 48
48 48
48 48
48 48
48 48
48 48
48 48
48 48
48 48
48 48
48 48
48 48
48 48
48 48
48 48
48 48
48 48
48 48
48 48
48 48
48 48
48 48
48 48
48 48
48 48
48 48
48 48
48 48
48 48
48 48
48 48
48 48
48 48
48 48
48 48
48 48
48 48
48 48
48 48
48 48
48 48
48 48
48 48
48 48
48 48
48 48
48 48
48 48
48 48
48 48
48 48
48 48
48 48
48 48
48 48
48 48
48 48
48 48
48 48
48 48
48 48
48 48
48 48
48 48
48 48
48 48
49 49
49 49
76 49
76 49
21 50
21 50
21 50
21 50
21 50
21 50
21 50
21 50
21 50
21 50
21 50
21 50
32 51
32 51
32 51
32 51
32 51
32 51
32 51
32 51
32 51
32 51
32 51
32 51
19 52
19 52
21 53
25 55
2 56
66 56
21 56
21 56
57 57
57 57
57 57
57 57
57 57
57 57
57 57
57 57
57 57
57 57
57 57
57 57
57 57
33 57
33 57
33 57
33 57
33 57
57 57
57 57
57 57
57 57
33 57
33 57
33 57
33 57
33 57
57 57
57 57
58 58
58 58
20 59
20 59
20 59
60 60
60 60
74 60
74 60
44 61
22 62
22 62
63 63
63 63
63 63
63 63
63 63
63 63
63 63
63 63
63 63
19 63
63 63
63 63
63 63
63 63
63 63
63 63
63 63
63 63
63 63
19 63
63 63
63 63
63 63
63 63
63 63
63 63
63 63
63 63
63 63
63 63
63 63
63 63
63 63
63 63
63 63
63 63
63 63
63 63
63 63
63 63
63 63
63 63
63 63
63 63
63 63
63 63
63 63
63 63
63 63
63 63
63 63
63 63
63 63
63 63
63 63
63 63
63 63
63 63
41 64
64 64
64 64
64 64
19 65
19 65
19 66
19 66
38 67
66 68
65 68
50 69
66 70
21 71
21 71
21 72
21 72
73 73
73 73
73 73
25 75
